105 90 70 62 71 90 105 105 105 105 105 105 105 105 105 105 105 105 105 105 105 105 105 105 105 105 105 105 105 105 105 105 105 105 105
105 90 116 117 118 98 91 91 91 102 91 91 91 91 91 91 91 102 91 91 91 91 91 91 91 91 91 91 91 91 91 91 91 97 105
105 90 70 62 71 106 107 107 109 90 106 107 107 107 107 107 109 90 106 107 107 107 107 107 107 107 107 107 107 107 107 107 109 90 105
105 90 70 62 74 65 65 65 61 90 60 65 65 65 65 65 61 90 60 65 65 65 65 65 65 65 65 65 65 65 65 65 61 90 105
105 90 70 62 62 62 62 62 71 90 70 62 63 62 63 62 71 90 70 62 62 62 63 63 62 63 63 63 63 63 62 62 71 90 105
105 100 91 91 91 93 77 62 71 90 70 62 78 95 77 62 71 90 70 62 78 92 91 91 91 91 91 91 91 97 77 62 71 90 105
105 90 107 107 107 109 70 62 71 90 70 62 71 90 70 63 71 90 70 62 71 106 107 107 107 107 107 107 109 90 70 62 71 90 105
105 90 72 65 65 65 73 63 71 90 70 62 71 90 70 63 71 90 70 62 74 65 65 65 65 65 65 65 75 90 70 62 71 90 105
105 90 70 62 63 63 63 63 71 90 70 62 71 90 70 62 71 90 70 63 63 63 63 63 63 63 63 62 71 90 70 63 71 90 105
105 90 70 62 78 95 77 63 71 94 70 62 71 90 70 62 71 98 91 91 91 91 91 91 91 93 77 62 71 94 70 62 71 90 105
105 90 70 62 71 90 70 62 71 110 70 62 71 90 70 62 71 106 107 107 107 107 107 107 107 109 70 62 71 110 70 62 71 90 105
105 90 70 62 71 90 70 62 74 65 73 62 71 90 70 62 74 65 65 65 65 65 65 65 65 65 73 62 74 65 73 62 71 90 105
105 90 70 63 71 90 70 62 63 63 63 62 71 90 70 62 62 63 63 63 62 62 62 63 63 63 63 62 63 62 63 63 71 90 105
105 90 70 63 71 98 91 91 91 97 77 62 71 100 91 91 91 93 77 62 78 96 91 91 91 91 91 91 91 93 77 62 71 90 105
105 90 70 63 71 106 107 107 109 90 70 62 71 90 106 107 107 109 70 62 71 90 106 107 107 107 107 107 107 109 70 62 71 90 105
105 90 70 63 74 65 65 65 61 90 70 62 71 90 60 65 65 65 62 62 71 90 60 65 65 65 65 65 65 65 63 63 71 90 105
105 90 70 62 63 62 63 62 71 90 70 62 71 90 70 62 63 63 63 63 71 90 70 62 62 62 63 62 62 62 62 62 71 90 105
105 100 91 91 91 97 77 62 71 94 70 62 71 90 70 62 78 92 91 91 91 99 70 62 78 96 91 91 91 93 77 62 71 90 105
105 90 106 107 109 90 70 62 71 110 70 62 71 90 70 62 71 106 107 107 107 109 70 62 71 90 106 107 107 109 70 62 71 90 105
105 90 64 65 61 90 70 62 74 65 73 62 71 90 70 62 74 65 65 65 65 65 73 62 71 90 60 65 65 65 73 63 71 90 105
105 90 70 62 71 90 70 62 63 62 63 62 71 90 70 62 62 63 63 62 63 63 62 62 71 90 70 62 63 63 62 62 71 90 105
105 90 70 62 71 98 91 91 91 91 91 91 91 103 91 91 91 91 91 91 91 97 77 62 71 90 70 62 78 92 91 91 91 101 105
105 90 70 62 71 106 107 107 107 107 107 107 107 107 107 107 107 107 107 107 109 90 70 62 71 90 70 62 71 106 107 107 109 90 105
105 90 70 62 62 65 65 65 65 65 65 65 65 65 65 65 65 65 65 65 61 90 70 62 71 90 70 62 74 65 65 65 61 90 105
105 90 70 62 63 63 63 63 63 63 63 63 63 62 62 63 63 62 62 62 71 90 70 62 71 90 70 63 63 63 63 62 71 90 105
105 90 70 62 78 92 91 91 91 97 77 62 78 92 91 91 91 97 77 63 71 94 70 62 71 98 91 91 91 93 77 62 71 90 105
105 90 70 62 71 106 107 107 109 90 70 62 71 106 107 107 109 90 70 62 71 110 70 62 71 106 107 107 107 109 70 62 71 90 105
105 90 70 62 74 65 65 65 66 90 70 62 74 65 65 65 61 90 70 62 74 65 73 62 74 65 65 65 65 65 62 62 71 90 105
105 90 70 63 63 63 63 62 71 90 70 62 62 62 62 62 71 90 70 62 62 62 62 62 62 62 62 62 62 62 62 63 71 90 105
91 103 91 91 91 93 77 62 71 94 70 62 78 95 77 62 71 98 91 91 91 91 91 91 91 91 91 91 91 93 77 63 71 90 105
106 107 107 107 107 109 70 62 71 110 70 62 71 90 70 62 71 106 107 107 107 107 107 107 107 107 107 107 107 109 70 62 71 90 105
65 65 65 65 65 65 62 63 74 65 73 62 71 90 70 62 74 65 65 65 65 65 65 65 65 65 65 65 65 65 73 62 71 90 105
62 62 62 62 63 62 63 63 62 63 63 62 71 90 70 62 62 62 63 63 63 63 62 63 62 62 63 63 63 63 62 62 71 90 105
91 91 91 91 91 91 91 91 91 91 91 91 91 103 91 91 91 91 91 91 91 91 91 91 91 91 91 91 91 91 91 91 91 99 105
105 105 105 105 105 105 105 105 105 105 105 105 105 105 105 105 105 105 105 105 105 105 105 105 105 105 105 105 105 105 105 105 105 105 105
