45 45 45 45 45 45 45 45 45 45 45 45 45 45 45 45 45 45 45 45 45 45 45 45 45 45 45 45 45 45 45 45 45 45 45
45 36 31 31 31 31 31 31 31 31 31 31 31 31 31 31 31 31 31 31 31 31 31 31 31 31 31 31 31 31 31 31 31 37 45
45 30 46 47 46 46 47 46 46 30 46 46 49 30 46 46 46 46 47 47 46 47 46 47 46 46 46 47 46 47 46 46 46 30 45
45 30 0 5 5 5 5 5 1 30 0 5 1 30 0 5 5 5 5 5 5 5 5 5 5 5 5 5 5 5 5 5 1 30 45
45 30 22 3 3 3 2 2 11 30 10 2 11 30 10 3 3 3 3 3 3 3 3 3 3 3 3 3 3 3 2 2 11 30 45
45 30 10 2 18 35 10 2 11 30 10 2 11 38 31 31 31 37 10 3 18 32 31 31 31 37 10 3 18 35 2 3 11 30 45
45 30 22 3 11 30 10 2 11 30 10 2 11 46 46 46 49 30 10 3 23 46 47 47 49 30 10 2 11 30 10 2 11 30 45
45 30 10 3 11 30 10 2 11 30 10 2 14 5 5 5 1 30 10 3 14 5 5 5 1 30 22 2 11 30 10 2 11 30 45
45 30 10 2 11 30 10 2 11 30 10 3 3 2 3 3 23 30 10 3 3 3 3 3 11 30 22 3 11 30 22 2 11 30 45
45 30 22 2 11 38 31 31 31 43 31 31 31 37 10 3 23 38 31 31 31 31 31 31 31 39 10 2 11 30 22 3 11 30 45
45 30 10 2 14 46 48 48 48 48 48 48 49 30 22 2 23 46 46 47 48 47 48 47 48 46 22 3 11 30 22 3 11 30 45
45 30 22 3 14 5 5 5 5 5 5 5 15 30 22 2 14 5 5 5 5 5 5 5 5 5 13 2 11 30 10 2 11 30 45
45 30 10 2 3 3 3 2 2 3 3 3 23 30 10 2 2 3 3 3 3 2 3 3 3 3 3 2 11 30 22 3 11 30 45
31 43 31 31 31 33 17 3 18 32 31 31 31 39 22 3 18 32 31 31 31 42 31 31 31 33 22 2 11 30 22 3 11 30 45
46 48 48 48 48 46 22 3 23 46 48 48 48 48 22 3 11 48 48 48 49 30 48 46 48 46 22 3 11 30 22 2 11 30 45
5 5 5 5 5 5 13 2 14 5 5 5 5 5 13 3 14 5 5 5 1 30 5 5 5 5 13 3 11 30 10 3 11 30 45
2 3 2 3 3 2 2 3 3 3 2 3 2 2 3 3 3 2 3 2 11 30 22 3 2 2 3 2 11 30 10 3 11 30 45
31 42 31 31 31 37 17 3 18 32 31 31 31 31 31 31 31 37 22 3 11 38 31 31 31 37 10 2 11 30 22 2 11 30 45
45 30 46 48 49 30 22 3 23 46 46 46 46 46 46 46 49 30 10 2 14 46 46 46 49 30 10 2 11 30 10 3 11 30 45
45 30 0 5 1 30 22 3 14 5 5 5 5 5 5 5 1 30 22 3 14 5 5 5 6 30 10 2 11 30 22 3 11 30 45
45 30 10 3 11 30 22 2 3 2 3 3 3 3 2 3 11 30 10 3 3 3 3 3 11 30 10 3 11 30 10 3 11 30 45
45 30 22 2 11 34 22 3 18 32 31 31 31 37 22 3 11 38 31 31 31 31 10 2 11 38 31 31 31 39 10 2 11 30 45
45 30 10 3 14 50 22 2 23 48 48 48 49 30 22 2 23 47 48 48 47 47 22 3 11 46 46 46 46 46 22 3 11 30 45
45 30 22 3 14 5 13 3 3 5 5 5 1 30 10 3 3 5 5 5 5 5 13 3 14 5 5 5 5 5 13 2 11 30 45
45 30 10 2 3 3 3 3 3 3 3 3 11 30 22 3 2 3 3 2 3 2 3 3 3 3 3 3 3 3 3 3 11 30 45
45 30 10 2 18 36 31 31 31 31 31 31 31 39 10 2 18 32 31 31 31 37 10 2 18 35 22 3 3 18 32 31 31 41 45
45 30 22 2 11 30 46 47 48 48 48 47 48 47 13 2 23 47 48 48 49 30 22 3 23 30 22 2 2 23 46 46 49 30 45
45 30 22 3 11 30 0 5 5 5 5 5 5 5 13 3 14 5 5 5 1 30 22 3 23 30 22 3 3 14 5 5 1 30 45
45 30 10 3 11 30 22 3 3 3 3 3 3 3 3 3 3 3 3 3 11 30 22 3 11 30 10 3 2 3 3 3 11 30 45
45 40 31 31 31 43 31 31 31 31 31 31 31 31 31 31 31 31 31 31 31 39 10 3 11 38 31 31 31 33 10 3 11 30 45
45 30 46 48 48 47 48 47 48 48 47 47 48 48 48 47 48 47 48 48 48 48 22 2 23 48 48 48 48 48 13 2 11 30 45
45 30 12 5 5 5 5 5 5 5 5 5 5 5 5 5 5 5 5 5 5 5 13 2 2 5 5 5 5 5 2 3 11 30 45
45 30 22 3 2 3 2 3 3 2 3 3 3 3 3 3 3 2 3 3 2 3 3 2 2 3 2 3 3 3 2 3 11 30 45
45 30 10 3 11 36 31 31 31 31 31 31 31 31 31 31 31 31 31 31 31 31 31 31 31 31 31 31 31 31 31 31 31 39 45
45 30 56 57 58 30 45 45 45 45 45 45 45 45 45 45 45 45 45 45 45 45 45 45 45 45 45 45 45 45 45 45 45 45 45
