45 30 10 3 11 30 45 45 45 45 45 45 45 45 45 45 45 45 45 45 45 45 45 45 45 45 45 45 45 45 45 45 45 45 45
45 30 10 2 11 40 31 31 31 42 31 31 31 31 31 31 31 31 31 31 31 31 31 31 31 31 31 31 31 31 31 31 31 37 45
45 30 22 2 23 30 46 48 49 30 46 48 48 47 48 48 48 48 47 47 48 48 48 47 48 48 48 48 47 48 48 48 49 30 45
45 30 10 3 11 30 4 5 1 30 4 5 5 5 5 5 5 5 5 5 5 5 5 5 5 5 5 5 5 5 5 5 6 30 45
45 30 22 2 23 30 22 3 11 30 22 3 3 3 3 3 3 3 3 3 3 3 3 3 3 3 3 3 3 3 3 3 23 30 45
45 30 10 2 23 30 10 2 23 30 10 3 18 32 31 31 31 31 31 31 31 31 31 31 31 37 17 3 18 32 31 31 31 41 45
45 30 22 3 11 30 22 3 11 30 22 3 11 48 48 47 48 48 47 48 48 47 48 48 49 30 22 3 23 48 48 48 49 30 45
45 30 10 2 11 30 10 2 23 30 10 3 2 5 5 5 5 5 5 5 5 5 5 5 6 30 22 3 14 5 5 5 6 30 45
45 30 10 3 23 30 22 3 23 30 22 3 3 3 2 3 3 2 3 2 2 2 3 3 23 30 10 3 3 3 3 3 11 30 45
45 30 22 3 11 34 10 2 11 34 10 2 18 36 31 31 31 31 31 31 31 31 31 31 31 43 31 31 31 37 10 3 11 30 45
45 30 10 3 11 50 22 2 11 50 10 3 11 30 46 48 47 48 47 48 48 48 47 48 48 47 48 48 49 30 22 2 11 30 45
45 30 22 2 14 5 13 3 14 5 13 3 11 30 4 5 5 5 5 5 5 5 5 5 5 5 5 5 6 30 10 2 11 30 45
45 30 10 3 3 3 3 2 3 3 2 3 11 30 10 3 2 2 3 3 2 3 3 3 2 3 3 3 23 30 22 3 11 30 45
45 40 31 31 31 31 31 31 31 31 31 31 31 39 10 3 18 36 31 31 31 31 31 31 31 33 17 3 23 34 22 2 11 30 45
45 30 46 47 48 48 48 48 48 48 48 48 48 47 10 2 23 30 46 48 48 48 48 48 48 48 22 3 11 50 10 3 11 30 45
45 30 4 5 5 5 5 5 5 5 5 5 5 5 13 2 23 30 4 5 5 5 5 5 5 5 13 3 14 5 13 2 11 30 45
45 30 10 3 2 3 2 3 2 3 3 2 2 3 2 3 11 30 10 2 3 3 3 3 2 3 2 3 2 3 3 3 11 30 45
45 40 31 31 31 31 31 31 31 33 3 3 18 36 31 31 31 43 31 31 31 31 31 31 31 31 31 31 31 31 31 31 31 30 45
45 30 47 48 48 48 48 48 47 48 10 3 11 30 46 48 48 48 48 48 47 48 48 48 47 48 48 47 48 47 48 48 49 30 45
45 30 4 5 5 5 5 5 5 5 13 3 11 30 4 5 5 5 5 5 5 5 5 5 5 5 5 5 5 5 5 5 6 30 45
45 30 22 3 3 3 3 3 3 3 3 3 11 30 10 2 3 3 3 2 3 3 3 3 3 3 3 3 3 3 3 3 11 30 45
45 30 10 3 18 32 31 31 31 31 31 31 31 41 10 3 18 32 31 31 31 42 31 31 31 31 31 31 31 33 17 3 11 30 45
45 30 10 3 11 47 47 47 47 47 47 47 49 30 10 2 23 47 47 47 49 30 46 47 48 47 48 47 48 47 22 3 11 30 45
45 30 10 3 14 5 5 5 5 5 5 5 6 30 10 2 14 5 5 5 6 30 4 5 5 5 5 5 5 5 13 2 11 30 45
45 30 22 3 3 3 3 2 3 3 3 2 11 30 10 3 3 3 2 3 23 30 22 2 2 2 2 3 2 3 2 3 11 30 45
45 30 10 3 18 35 17 3 18 35 17 3 11 40 31 31 31 33 17 2 11 30 10 2 18 32 31 31 31 37 17 2 11 30 45
45 30 22 3 11 30 22 2 23 30 22 3 11 30 46 47 47 47 22 3 23 30 10 3 11 47 47 47 49 30 10 3 11 30 45
45 30 10 3 11 30 22 3 11 30 22 3 11 30 4 5 5 5 13 3 23 30 10 3 14 5 5 5 6 30 10 3 11 30 45
45 30 22 3 11 30 22 3 23 30 22 3 11 30 22 3 3 3 3 3 11 30 10 3 3 3 3 3 3 30 10 3 11 30 45
45 30 10 3 11 30 22 3 11 30 10 2 11 34 10 3 18 32 31 31 31 43 31 31 31 37 17 2 3 38 31 31 31 43 31
45 30 22 3 11 30 22 3 23 30 22 3 11 50 10 2 11 47 47 48 48 47 48 47 49 30 10 3 3 47 47 48 48 47 47
45 30 10 3 11 30 22 3 11 30 22 3 14 5 13 2 14 5 5 5 5 5 5 5 6 30 10 2 3 3 3 3 3 3 54
45 30 10 3 11 30 10 3 23 30 10 2 3 3 3 2 3 3 3 3 3 2 3 3 3 30 10 3 2 3 3 3 3 3 55
45 38 31 31 31 43 31 31 31 43 31 31 31 31 31 31 31 31 31 31 31 31 31 31 31 43 31 31 31 31 31 31 31 31 31
45 45 45 45 45 45 45 45 45 45 45 45 45 45 45 45 45 45 45 45 45 45 45 45 45 45 45 45 45 45 45 45 45 45 45
