105 105 105 105 105 105 105 105 105 105 105 105 105 105 105 105 105 105 105 105 105 105 105 105 105 105 105 105 105 105 105 105 105 105 105
151 151 151 151 151 151 151 151 151 162 151 151 151 151 151 151 151 151 151 151 151 162 151 151 151 151 151 151 151 151 151 151 151 157 105
166 167 167 168 168 168 167 168 169 150 167 167 168 167 167 168 168 168 167 167 169 150 166 167 168 167 168 168 167 167 168 168 169 150 105
120 125 125 125 125 125 125 125 121 150 120 125 125 125 125 125 125 125 125 125 121 150 120 125 125 125 125 125 125 125 125 125 121 150 105
123 123 123 123 123 123 123 123 131 150 130 122 123 123 123 122 122 122 122 123 131 150 130 123 123 122 123 123 122 122 123 123 131 150 105
151 157 137 123 138 155 137 123 131 150 130 122 138 152 151 151 151 157 137 123 131 150 130 123 138 156 151 151 151 157 137 123 131 150 105
105 150 130 123 131 150 130 123 131 150 130 123 131 166 167 167 169 150 130 123 131 150 130 123 131 150 166 168 169 150 130 122 131 150 105
105 150 130 123 131 150 130 123 131 150 130 123 134 125 125 125 121 150 130 123 131 150 130 123 131 150 120 125 121 150 130 122 131 150 105
105 150 130 123 131 150 130 123 131 150 130 123 123 123 123 123 131 150 130 123 131 150 130 123 131 150 130 123 131 150 130 122 131 150 105
105 150 130 122 131 150 130 123 131 158 151 151 151 157 137 123 131 150 130 123 131 150 130 123 131 154 130 123 131 150 130 122 131 150 105
105 150 130 122 131 150 130 123 131 166 167 168 169 150 130 123 131 150 130 122 131 150 130 123 131 170 130 123 131 150 130 123 131 150 105
105 150 130 122 131 150 130 123 134 125 125 125 121 150 130 122 131 150 130 122 131 150 130 123 134 125 133 123 131 150 130 123 131 150 105
105 150 130 122 131 150 130 123 123 123 123 123 123 150 130 122 131 150 130 122 131 150 130 123 123 123 123 123 131 150 130 123 131 150 105
105 150 130 123 131 150 130 123 138 152 151 151 151 159 130 122 131 150 130 123 131 158 151 151 151 151 151 151 151 159 130 123 131 150 105
105 150 130 123 131 150 130 123 131 166 167 168 167 169 130 123 131 150 130 123 131 166 167 168 168 168 167 167 168 169 130 123 131 150 105
105 150 130 123 131 150 130 123 134 125 125 125 125 125 133 123 131 150 130 123 134 125 125 125 125 125 125 125 125 125 133 123 131 150 105
105 150 130 123 131 150 130 122 122 122 123 123 123 123 123 123 131 150 130 123 123 123 122 122 122 122 123 123 123 123 123 123 131 150 105
105 150 130 122 131 160 151 151 151 151 151 151 151 151 151 151 151 163 151 151 151 151 151 151 151 151 151 151 151 151 151 151 151 163 151
105 150 130 122 131 150 166 167 168 168 168 168 167 167 167 167 168 168 167 167 167 167 167 167 168 168 168 167 167 168 168 167 168 168 169
105 150 130 123 131 150 120 125 125 125 125 125 125 125 125 125 125 125 125 125 125 125 125 125 125 125 125 125 125 125 125 125 125 125 174
105 150 130 123 131 150 130 123 123 123 122 122 122 123 123 123 123 123 123 122 122 122 122 122 122 123 123 123 123 122 122 123 123 123 175
105 150 130 123 131 150 130 123 138 156 151 151 151 151 151 151 151 162 151 151 151 151 151 151 151 151 151 151 151 151 151 151 151 162 151
105 150 130 122 131 150 130 123 131 150 166 167 168 168 167 168 169 150 166 167 167 168 168 168 167 167 167 168 167 167 167 168 169 150 105
105 150 130 122 131 150 130 122 131 150 120 125 125 125 125 125 121 150 120 125 125 125 125 125 125 125 125 125 125 125 125 125 121 150 105
105 150 130 122 131 150 130 122 131 150 130 123 123 122 122 123 131 150 130 123 123 123 123 123 122 122 122 122 122 123 123 123 131 150 105
105 150 130 122 131 150 130 122 131 158 151 151 151 153 137 123 131 150 130 123 138 156 151 151 151 151 151 151 151 153 137 123 131 150 105
105 150 130 122 131 150 130 123 131 166 167 168 167 169 130 123 131 150 130 123 131 150 166 167 168 167 167 168 168 169 130 123 131 150 105
105 150 130 122 131 150 130 123 134 125 125 125 125 125 133 123 131 150 130 122 131 150 120 125 125 125 125 125 125 125 133 123 131 150 105
105 150 130 123 131 150 130 123 123 123 123 123 122 122 122 123 131 150 130 122 131 150 123 123 123 123 123 123 123 122 122 123 131 150 105
105 150 130 123 131 154 130 123 138 152 151 151 151 151 151 151 151 159 130 122 131 158 151 151 151 151 151 151 151 151 151 151 151 150 105
105 150 130 123 131 170 130 123 131 166 168 167 168 168 168 168 167 169 130 122 131 166 168 167 167 168 167 167 167 167 168 168 169 150 105
105 150 130 123 134 125 133 123 134 125 125 125 125 125 125 125 125 125 133 122 134 125 125 125 125 125 125 125 125 125 125 125 121 150 105
105 150 130 123 123 122 122 122 122 122 123 123 123 123 122 122 122 123 123 123 122 122 123 123 123 123 122 122 122 123 123 123 131 150 105
105 158 151 151 151 151 151 151 151 151 151 151 151 151 151 151 151 151 151 151 151 151 151 151 151 151 151 151 151 151 151 151 151 150 105
105 105 105 105 105 105 105 105 105 105 105 105 105 105 105 105 105 105 105 105 105 105 105 105 105 105 105 105 105 105 105 105 105 105 105
