105 105 105 105 105 105 105 105 105 105 105 105 105 105 105 105 105 105 105 105 105 105 105 105 105 105 105 105 105 90 70 62 71 90 105
105 96 91 91 91 91 91 91 91 91 91 91 91 91 91 91 91 91 91 91 91 91 91 91 91 91 91 91 91 99 70 62 71 90 105
105 90 106 107 108 108 108 107 107 107 107 108 108 107 107 107 107 107 107 107 108 108 108 107 108 108 108 108 107 109 116 117 118 90 105
105 90 60 65 65 65 65 65 65 65 65 65 65 65 65 65 65 65 65 65 65 65 65 65 65 65 65 65 65 65 73 62 71 90 105
105 90 70 62 62 62 62 62 62 62 62 62 62 62 62 62 62 62 62 62 62 62 62 62 62 62 62 62 62 62 62 62 71 90 105
105 90 70 62 78 92 91 91 91 102 91 91 91 91 91 91 91 91 91 91 91 91 91 91 91 91 91 91 91 91 91 91 91 101 105
105 90 70 62 71 106 107 107 109 90 106 107 107 107 107 108 108 108 107 107 107 107 107 108 108 108 108 107 107 107 108 107 108 90 105
105 90 70 62 74 65 65 65 61 90 60 65 65 65 65 65 65 65 65 65 65 65 65 65 65 65 65 65 65 65 65 65 61 90 105
105 90 70 62 62 62 62 62 71 90 70 62 62 62 62 62 62 62 62 62 62 62 62 62 62 62 62 62 62 62 62 62 71 90 105
105 100 91 91 91 93 77 62 71 98 91 91 91 91 91 91 91 91 91 91 91 91 91 91 91 91 91 91 91 93 77 62 71 90 105
105 90 106 108 108 109 70 62 71 106 107 107 107 107 108 108 108 108 108 107 107 107 107 107 108 108 108 108 107 109 70 62 71 90 105
105 90 60 65 65 65 73 62 74 65 65 65 65 65 65 65 65 65 65 65 65 65 65 65 65 65 65 65 65 65 73 62 71 90 105
105 90 70 62 62 62 62 62 62 62 62 62 62 62 62 62 62 62 62 62 62 62 62 62 62 62 62 62 62 62 62 62 71 90 105
105 90 70 62 78 92 91 91 91 91 91 91 91 91 91 91 91 91 91 91 91 102 91 91 91 91 91 91 91 91 91 91 91 101 105
105 90 70 62 71 106 107 107 108 108 108 108 108 107 107 107 108 108 107 107 109 90 106 107 108 108 108 107 107 108 108 107 109 90 105
105 90 70 62 74 65 65 65 65 65 65 65 65 65 65 65 65 65 65 65 61 90 60 65 65 65 65 65 65 65 65 65 61 90 105
105 90 70 62 62 62 62 62 62 62 62 62 62 62 62 62 62 62 62 62 71 90 70 62 62 62 62 62 62 62 62 62 71 90 105
105 100 91 91 91 93 77 62 78 92 91 91 91 91 91 91 91 91 91 91 91 99 70 62 78 92 91 91 91 91 91 91 91 101 105
105 90 106 107 107 109 70 62 71 106 107 107 108 108 107 107 108 108 108 108 107 109 70 62 71 106 107 107 107 108 108 108 109 90 105
105 90 60 65 65 65 73 62 74 65 65 65 65 65 65 65 65 65 65 65 65 65 73 62 74 65 65 65 65 65 65 65 61 90 105
105 90 70 62 62 62 62 62 62 62 62 62 62 62 62 62 62 62 62 62 62 62 62 62 62 62 62 62 62 62 62 62 71 90 105
105 90 70 62 78 92 91 91 91 91 91 91 91 91 91 91 91 91 91 91 91 91 91 91 91 91 91 91 91 91 91 91 91 101 105
105 90 70 62 71 106 107 107 107 108 108 108 108 108 108 107 107 107 107 108 108 108 108 108 107 108 107 107 107 107 107 107 109 90 105
105 90 70 62 74 65 65 65 65 65 65 65 65 65 65 65 65 65 65 65 65 65 65 65 65 65 65 65 65 65 65 65 61 90 105
105 90 70 62 62 62 62 62 62 62 62 62 62 62 62 62 62 62 62 62 62 62 62 62 62 62 62 62 62 62 62 62 71 90 105
105 100 91 91 91 91 91 91 91 93 77 62 78 96 91 91 91 97 77 62 78 92 91 91 91 91 91 91 91 91 91 91 91 101 105
105 90 106 107 108 108 108 107 107 109 70 62 71 90 106 107 109 90 70 62 71 106 107 107 107 108 108 108 108 107 108 108 109 90 105
105 90 72 65 65 65 65 65 65 65 73 62 71 90 60 65 66 90 70 62 74 65 65 65 65 65 65 65 65 65 65 65 61 90 105
105 90 70 62 62 62 62 62 62 62 62 62 71 90 70 62 71 90 70 62 62 62 62 62 62 62 62 62 62 62 62 62 71 90 105
105 100 91 91 91 91 91 91 91 91 91 91 91 99 70 62 71 98 91 91 91 91 91 91 91 91 91 91 91 93 77 62 71 90 105
105 90 106 107 107 107 108 108 108 108 107 107 107 109 70 62 71 106 107 107 107 108 108 108 108 107 107 107 107 109 70 62 71 90 105
105 90 60 65 65 65 65 65 65 65 65 65 65 65 73 62 74 65 65 65 65 65 65 65 65 65 65 65 65 65 73 62 71 90 105
105 90 70 62 62 62 62 62 62 62 62 62 62 62 62 62 62 62 62 62 62 62 62 62 62 62 62 62 62 62 62 62 71 90 105
105 90 70 62 78 96 91 91 91 91 91 91 91 91 91 91 91 91 91 91 91 91 91 91 91 91 91 91 91 91 91 91 91 99 105
105 90 70 62 71 90 105 105 105 105 105 105 105 105 105 105 105 105 105 105 105 105 105 105 105 105 105 105 105 105 105 105 105 105 105
