165 165 165 165 165 165 165 165 165 165 165 165 165 165 165 165 165 165 165 165 165 165 165 165 165 165 165 165 165 165 165 165 165 165 165
165 156 151 151 151 151 151 151 151 151 151 151 151 151 151 151 151 151 151 151 151 151 151 151 151 151 151 151 151 151 151 151 151 157 165
165 150 166 168 168 167 167 167 168 168 168 168 167 167 167 168 168 167 168 168 168 167 167 167 167 168 168 167 168 168 167 168 169 150 165
165 150 120 125 125 125 125 125 125 125 125 125 125 125 125 125 125 125 125 125 125 125 125 125 125 125 125 125 125 125 125 125 121 150 165
165 150 130 123 123 123 123 123 123 123 123 123 123 123 123 123 123 123 123 123 123 123 123 123 123 123 123 123 123 123 123 123 131 150 165
165 150 130 123 138 156 151 151 151 151 151 151 151 157 137 123 138 156 151 151 151 151 151 151 151 151 151 151 151 157 137 123 131 150 165
165 150 130 123 143 150 166 168 168 167 167 168 169 150 142 123 143 150 166 168 168 168 167 167 167 167 168 168 169 150 142 123 131 150 165
165 150 130 123 131 150 120 125 125 125 125 125 121 150 142 123 143 150 120 125 125 125 125 125 125 125 125 125 121 150 142 123 131 150 165
165 150 130 123 131 150 130 123 123 123 123 123 131 150 142 123 143 150 130 123 123 123 123 123 123 123 123 123 131 150 142 123 131 150 165
165 150 130 123 131 154 130 123 138 155 137 123 131 150 142 123 143 150 130 123 138 152 151 151 151 157 137 123 131 154 142 123 131 150 165
165 150 130 123 131 170 130 123 131 150 130 123 131 150 142 123 143 150 130 123 143 166 168 168 169 150 142 123 131 170 142 123 131 150 165
165 150 130 123 134 125 133 123 131 150 130 123 131 150 142 123 143 150 130 123 134 125 125 125 121 150 142 123 134 125 133 123 131 150 165
165 150 130 123 123 123 123 123 131 150 130 123 131 150 142 123 143 150 130 123 123 123 123 123 143 150 142 123 123 123 123 123 131 150 165
165 160 151 151 151 151 151 151 151 159 130 123 131 154 142 123 143 150 130 123 138 152 151 151 151 159 142 123 138 152 151 151 151 161 165
165 150 166 168 168 168 167 167 168 169 130 123 131 170 142 123 143 150 130 123 143 166 168 167 167 169 142 123 143 166 168 168 169 150 165
165 150 120 125 125 125 125 125 125 125 133 123 134 125 133 123 143 150 130 123 134 125 125 125 125 125 133 123 134 125 125 125 121 150 165
165 150 142 123 123 123 123 123 123 123 123 123 123 123 123 123 143 150 130 123 123 123 123 123 123 123 123 123 123 123 123 123 131 150 165
165 150 142 123 138 152 151 151 151 151 151 151 151 151 151 151 151 161 130 123 138 155 137 123 138 152 151 151 151 151 151 151 151 161 165
165 150 142 123 131 166 168 168 167 167 167 167 167 168 168 168 169 150 130 123 131 150 130 123 131 166 168 168 167 167 168 167 169 150 165
165 150 142 123 134 125 125 125 125 125 125 125 125 125 125 125 121 150 130 123 131 150 130 123 134 125 125 125 125 125 125 125 121 150 165
165 150 142 123 123 123 123 123 123 123 123 123 123 123 123 123 131 150 130 123 131 150 130 123 123 123 123 123 123 123 123 123 131 150 165
165 150 142 123 138 152 151 151 151 151 151 151 151 151 151 151 151 164 151 151 151 159 130 123 138 156 151 151 151 157 137 123 131 150 165
165 150 142 123 131 166 168 168 168 167 168 168 167 167 168 168 169 150 166 168 168 169 130 123 131 150 166 167 169 150 130 123 131 150 165
165 150 142 123 134 125 125 125 125 125 125 125 125 125 125 125 121 150 120 125 125 125 133 123 131 150 120 125 121 150 130 123 131 150 165
165 150 142 123 123 123 123 123 123 123 123 123 123 123 123 123 131 150 130 123 123 123 123 123 131 150 130 123 131 150 130 123 131 150 165
165 160 151 151 151 151 151 151 151 151 151 151 151 153 137 123 131 150 130 123 138 152 151 151 151 159 130 123 131 158 151 151 151 161 165
165 150 166 168 168 167 168 168 167 167 167 168 168 169 142 123 131 150 130 123 131 166 168 167 168 169 130 123 131 166 167 167 169 150 165
165 150 120 125 125 125 125 125 125 125 125 125 125 125 133 123 131 150 130 123 134 125 125 125 125 125 133 123 134 125 125 125 121 150 165
165 150 130 123 123 123 123 123 123 123 123 123 123 123 123 123 131 150 130 123 123 123 123 123 123 123 123 123 123 123 123 123 131 150 165
151 159 130 123 138 156 151 151 151 151 151 151 151 151 151 151 151 159 130 123 138 152 151 151 151 151 151 151 151 157 137 123 131 150 165
167 169 130 123 131 150 166 168 167 167 167 168 167 168 168 167 168 169 130 123 131 166 168 168 167 168 167 168 169 150 130 123 131 150 165
125 125 133 123 131 150 120 125 125 125 125 125 125 125 125 125 125 125 133 123 134 125 125 125 125 125 125 125 121 150 130 123 131 150 165
123 123 123 123 131 150 130 123 123 123 123 123 123 123 123 123 123 123 123 123 123 123 123 123 123 123 123 123 131 150 130 123 131 150 165
151 151 151 151 151 161 142 123 138 156 151 151 151 151 151 151 151 151 151 151 151 151 151 151 151 151 151 151 151 163 151 151 151 159 165
165 165 165 165 165 150 176 177 178 150 165 165 165 165 165 165 165 165 165 165 165 165 165 165 165 165 165 165 165 165 165 165 165 165 165
