45 45 45 45 45 45 45 45 45 45 45 45 45 45 45 45 45 45 45 45 45 45 45 45 45 45 45 45 45 45 45 45 45 45 45
91 91 91 91 91 91 91 91 91 102 91 91 91 91 91 91 91 102 91 91 91 91 91 91 91 91 91 91 91 91 91 91 91 97 45
106 107 108 108 107 107 108 108 109 90 106 107 108 108 107 108 109 90 106 107 108 107 107 108 108 108 107 107 108 108 107 107 109 90 45
60 65 65 65 65 65 65 65 61 90 64 65 65 65 65 65 66 90 64 65 65 65 65 65 65 65 65 65 65 65 65 65 66 90 45
62 62 62 62 63 63 63 62 83 90 82 63 63 63 63 62 71 90 82 62 63 63 63 63 62 62 62 62 62 62 62 62 83 90 45
91 102 91 91 91 93 77 63 83 90 82 62 78 95 77 62 71 94 82 63 78 92 91 91 91 91 91 91 91 97 77 63 83 90 45
45 90 106 107 107 109 82 63 83 90 82 62 83 90 82 62 71 110 82 63 71 106 108 107 107 108 108 107 109 90 82 63 83 90 45
45 90 64 65 65 65 73 62 83 90 82 62 83 90 82 62 74 65 73 63 74 65 65 65 65 65 65 65 66 90 82 63 83 90 45
45 90 82 63 63 63 62 62 71 90 82 63 83 90 82 63 62 62 63 63 63 63 63 62 62 62 62 62 83 90 82 63 83 90 45
45 90 82 62 78 92 91 91 91 99 82 63 83 94 82 62 78 96 91 91 91 93 77 62 78 95 77 63 83 94 82 62 83 90 45
45 90 82 62 83 106 107 107 107 109 82 63 83 110 82 63 83 90 106 107 107 109 82 62 71 90 70 63 83 110 82 63 83 90 45
45 90 82 62 74 65 65 65 65 65 73 62 74 65 73 63 83 90 64 65 65 65 73 62 71 90 70 63 74 65 73 62 83 90 45
45 90 82 63 63 63 63 63 63 62 62 63 63 63 63 63 83 90 82 62 63 63 63 63 71 90 70 62 63 63 63 63 83 90 45
45 90 82 62 78 96 91 91 91 91 91 91 91 97 77 63 83 90 82 63 78 96 91 91 91 103 91 91 91 93 77 63 83 90 45
45 90 82 63 83 90 106 107 108 108 107 108 109 90 82 63 83 90 82 63 83 90 106 107 107 108 107 108 108 109 82 63 83 90 45
45 90 82 63 83 90 64 65 65 65 65 65 66 90 82 63 83 90 82 63 83 90 64 65 65 65 65 65 65 65 73 63 83 90 45
45 90 82 62 83 90 70 62 63 63 63 63 83 90 82 63 83 90 82 62 83 90 82 63 62 62 63 63 63 62 62 63 83 90 45
45 90 82 62 83 94 70 62 78 95 77 63 83 90 82 63 83 94 82 62 83 90 82 63 78 92 91 91 91 91 91 91 91 101 45
45 90 82 63 83 110 70 62 83 90 82 63 83 90 82 63 83 110 82 63 83 90 82 63 83 106 107 108 108 108 107 108 109 90 45
45 90 82 63 74 65 73 63 83 90 82 62 83 90 82 63 74 65 73 62 83 90 82 62 74 65 65 65 65 65 65 65 66 90 45
45 90 82 63 63 63 63 63 83 90 82 62 83 90 82 62 62 62 62 62 83 90 82 63 63 63 63 63 63 62 62 62 83 90 45
45 100 91 91 91 93 77 62 83 90 82 62 83 90 82 62 78 95 77 63 83 98 91 91 91 91 91 91 91 93 77 63 83 90 45
45 90 106 107 108 109 82 62 83 90 82 62 83 90 82 62 71 90 77 63 83 106 108 108 107 108 108 107 108 109 82 63 83 90 45
45 90 64 65 65 65 73 62 83 90 82 62 83 90 82 62 83 90 70 63 74 65 65 65 65 65 65 65 65 65 73 63 83 90 45
45 90 82 62 62 63 63 63 83 90 82 62 83 90 82 63 83 90 70 63 62 63 63 62 62 63 63 63 63 63 63 63 83 90 45
45 90 82 62 78 96 91 91 91 103 91 91 91 101 82 63 83 98 91 91 91 91 91 91 91 91 91 91 91 93 77 62 83 90 45
45 90 82 62 83 90 106 107 108 107 108 108 109 90 82 63 83 106 107 107 107 108 108 107 107 107 108 108 108 109 82 62 83 90 45
45 90 82 63 83 90 64 65 65 65 65 65 66 90 82 63 74 65 65 65 65 65 65 65 65 65 65 65 65 65 73 62 83 90 45
45 90 82 63 83 90 82 62 63 63 63 63 83 90 82 63 63 63 63 62 62 62 62 62 62 62 63 63 62 62 62 62 83 90 45
45 90 82 63 83 94 82 62 78 95 77 62 83 94 82 62 78 96 91 91 91 93 77 63 78 92 91 91 91 91 91 91 91 99 45
45 90 82 62 83 110 82 62 71 90 70 62 83 110 82 62 83 90 106 107 108 109 70 63 83 106 107 108 108 108 107 107 108 109 45
45 90 82 62 74 65 73 62 71 90 70 62 74 65 73 62 83 90 64 65 65 65 73 62 74 65 65 65 65 65 65 65 65 114 45
45 90 82 62 62 63 63 62 71 90 70 62 63 63 62 62 83 90 62 63 62 62 62 63 63 63 63 63 62 62 63 63 62 115 45
45 98 91 91 91 91 91 91 91 103 91 91 91 91 91 91 91 103 91 91 91 91 91 91 91 91 91 91 91 91 91 91 91 93 45
45 45 45 45 45 45 45 45 45 45 45 45 45 45 45 45 45 45 45 45 45 45 45 45 45 45 45 45 45 45 45 45 45 45 45
