45 45 45 45 45 45 45 45 45 45 45 45 45 45 45 45 45 45 45 45 45 45 45 45 45 45 45 45 45 45 45 45 45 45 45
31 31 31 31 31 31 31 31 31 31 31 31 31 42 31 31 31 31 31 31 31 31 31 31 31 31 31 31 31 31 31 31 31 37 45
47 48 47 48 47 48 48 47 48 47 48 47 49 30 46 48 47 48 47 48 47 47 48 47 48 47 47 48 47 47 47 48 49 30 45
5 5 5 5 5 5 5 5 5 5 5 5 6 30 4 5 5 5 5 5 5 5 5 5 5 5 5 5 5 5 5 5 6 30 45
3 3 2 3 3 2 3 2 3 2 2 3 11 30 10 3 3 3 3 3 3 3 3 3 3 3 3 3 3 3 3 3 11 30 45
31 42 31 31 31 31 31 31 31 37 22 2 11 30 22 3 18 32 31 31 31 31 31 31 31 37 17 3 18 35 17 2 11 30 45
45 30 46 48 48 47 47 48 49 30 10 3 11 30 10 3 11 47 48 48 47 48 47 47 48 30 22 3 11 30 10 3 11 30 45
45 30 0 5 5 5 5 5 1 30 22 3 11 30 10 3 14 5 5 5 5 5 5 5 6 30 22 3 11 30 22 3 11 30 45
45 30 10 3 3 3 3 2 11 30 10 3 11 30 22 3 3 3 3 3 3 3 3 3 11 30 10 2 11 30 10 3 11 30 45
45 30 22 2 18 35 17 3 11 34 22 2 11 34 10 3 18 32 31 31 31 31 31 31 31 39 22 3 11 30 10 2 11 30 45
45 30 10 3 11 30 10 3 11 50 10 3 11 50 10 3 11 47 47 48 48 47 47 48 47 48 10 3 11 30 22 3 11 30 45
45 30 22 3 11 30 10 3 14 5 13 3 14 5 13 3 14 5 5 5 5 5 5 5 5 5 13 3 11 30 10 3 11 30 45
45 30 22 2 11 30 10 2 3 3 3 2 3 3 3 3 3 3 2 3 3 2 3 3 2 3 3 2 11 30 10 3 11 30 45
45 30 10 3 11 38 31 31 31 31 31 31 31 31 31 31 31 31 31 31 31 31 31 31 31 37 22 3 11 30 22 2 11 30 45
45 30 22 3 11 47 48 48 47 48 47 47 48 47 48 47 47 48 47 47 48 47 48 47 49 30 10 3 11 30 10 3 11 30 45
45 30 22 2 14 5 5 5 5 5 5 5 5 5 5 5 5 5 5 5 5 5 5 5 6 30 10 3 11 30 10 3 11 30 45
45 30 10 3 3 3 2 3 3 2 3 3 3 2 3 3 2 3 2 3 2 3 3 3 11 30 22 3 11 30 22 3 11 30 45
45 30 22 3 18 32 31 31 31 31 31 31 31 31 31 31 31 31 31 31 31 31 31 31 31 39 22 3 11 30 10 3 11 30 45
45 30 10 2 11 47 48 47 48 47 47 47 48 47 47 48 47 47 47 48 47 48 47 48 47 47 10 3 11 30 10 3 11 30 45
45 30 10 3 14 5 5 5 5 5 5 5 5 5 5 5 5 5 5 5 5 5 5 5 5 5 13 3 11 30 10 3 11 30 45
45 30 10 3 3 3 3 3 3 3 3 3 3 3 3 3 3 3 3 3 3 3 3 3 3 3 3 3 11 30 22 2 11 30 45
45 40 31 31 31 33 17 3 18 36 31 31 31 31 31 31 31 31 31 31 31 31 31 31 31 31 31 31 31 39 10 3 11 30 45
45 30 46 47 47 47 10 3 11 30 46 47 47 48 48 47 47 48 47 48 47 47 48 47 47 47 47 48 48 47 10 3 11 30 45
45 30 4 5 5 5 13 3 11 30 4 5 5 5 5 5 5 5 5 5 5 5 5 5 5 5 5 5 5 5 13 3 11 30 45
45 30 22 3 3 3 3 3 11 30 10 3 3 3 3 3 3 2 3 3 3 3 2 3 3 3 3 2 3 3 3 2 11 30 45
45 30 10 3 18 36 31 31 31 43 31 31 31 33 17 3 18 36 31 31 31 31 31 31 31 37 17 3 18 35 17 3 11 30 45
45 30 22 3 11 30 46 48 47 48 47 48 47 47 10 3 11 30 46 47 48 48 47 48 49 30 10 3 11 30 10 3 11 30 45
45 30 10 3 11 30 4 5 5 5 5 5 5 5 13 3 11 30 4 5 5 5 5 5 6 30 10 3 11 30 22 3 11 30 45
45 30 10 3 11 30 22 3 2 3 2 3 2 3 3 2 11 30 10 3 3 3 3 3 11 30 10 3 11 30 10 2 11 30 45
45 40 31 31 31 39 22 3 18 32 31 31 31 37 17 3 11 34 10 3 18 32 31 31 31 44 31 31 31 39 22 3 11 30 45
45 30 46 47 48 47 10 3 11 48 47 48 48 30 22 3 11 50 10 3 11 48 47 48 49 30 46 48 48 47 10 3 11 30 45
45 30 4 5 5 5 13 2 2 5 5 5 6 30 22 3 14 5 13 3 14 5 5 5 6 30 4 5 5 5 13 2 11 30 45
45 30 22 3 3 3 2 3 3 2 3 3 23 30 22 3 3 3 3 3 2 3 2 3 11 30 10 3 3 2 3 3 11 30 45
45 38 31 31 31 31 31 31 31 31 31 31 31 43 31 31 31 37 17 3 18 36 31 31 31 43 31 31 31 31 31 31 31 39 45
45 45 45 45 45 45 45 45 45 45 45 45 45 45 45 45 45 30 56 57 58 30 45 45 45 45 45 45 45 45 45 45 45 45 45
