10 10 10 10 10 10 10 10 10 10 10 10 10 10 10 10 10 10 10 10 10 10 10 10 10 10 10 10 10 10 10 10 
10 10 10 10 10 10 10 10 10 10 10 10 10 10 10 10 10 10 10 10 10 10 10 10 10 10 10 10 10 10 10 10 
10 10 10 10 10 10 10 10 10 10 10 10 10 10 10 10 10 10 10 10 10 10 10 10 10 10 10 10 10 10 10 10 
10 10 10 10 10 10 10 10 10 10 10 10 10 10 10 10 10 10 10 10 10 10 10 10 10 10 10 10 10 10 10 10 
10 10 10 10 10 10 10 10 10 10 10 10 10 10 10 10 10 10 10 10 10 10 10 10 10 10 10 10 10 10 10 10 
10 10 10 10 10 10 10 10 10 10 10 10 10 10 10 10 10 10 10 10 10 10 10 10 10 10 10 10 10 10 10 10 
10 10 10 10 10 10 10 10 10 10 10 10 10 10 10 10 10 10 10 10 10 10 10 10 10 10 10 10 10 10 10 10 
10 10 10 10 10 10 10 10 10 10 10 10 10 10 10 10 10 10 10 10 10 10 10 10 10 10 10 10 10 10 10 10 
10 10 10 10 10 10 10 10 10 10 10 10 10 10 15 15 15 15 10 10 10 10 10 10 10 10 10 10 10 10 10 10 
10 10 10 10 10 10 10 10 10 10 15 15 15 15 15 12 12 15 15 15 15 10 10 10 10 10 10 10 10 10 10 10 
10 10 10 10 10 10 10 10 10 15 15 12 12 12 12 12 12 12 12 12 12 15 10 10 10 10 10 10 10 10 10 10 
10 10 10 10 10 10 10 10 10 15 12 12 12 12 12 12 12 12 12 12 12 12 15 10 10 10 10 10 10 10 10 10 
10 10 10 10 10 10 10 10 15 12 12 12 12 12 12 12 12 12 12 12 12 12 15 10 10 10 10 10 10 10 10 10 
10 10 10 10 10 10 10 10 15 12 12 12 12 12 12 12 12 12 12 12 12 12 12 15 10 10 10 10 10 10 10 10 
10 10 10 10 10 10 10 10 15 12 12 12 12 12 12 12 12 12 12 12 12 12 12 15 10 10 10 10 10 10 10 10 
10 10 10 10 10 10 10 15 15 12 12 12 12 12 12 12 12 12 12 12 12 12 12 15 10 10 10 10 10 10 10 10 
10 10 10 10 10 10 10 15 12 12 12 12 12 12 12 12 12 12 12 12 12 12 12 15 10 10 10 10 10 10 10 10 
10 10 10 10 10 10 10 15 12 12 12 12 12 12 12 12 12 12 12 12 12 12 12 15 10 10 10 10 10 10 10 10 
10 10 10 10 10 10 10 15 12 12 12 12 12 12 12 12 12 12 12 12 12 12 12 15 10 10 10 10 10 10 10 10 
10 10 10 10 10 10 10 15 12 12 12 12 12 12 12 12 12 12 12 12 12 12 12 15 10 10 10 10 10 10 10 10 
10 10 10 10 10 10 10 15 12 12 12 12 12 12 12 12 12 12 12 12 12 12 12 15 10 10 10 10 10 10 10 10 
10 10 10 10 10 10 10 15 12 12 12 12 12 12 12 12 12 12 12 12 12 12 12 15 10 10 10 10 10 10 10 10 
10 10 10 10 10 10 10 10 15 12 12 12 12 12 12 12 12 12 12 12 12 12 15 15 10 10 10 10 10 10 10 10 
10 10 10 10 10 10 10 10 15 12 12 12 12 12 12 12 12 12 12 15 15 15 15 10 10 10 10 10 10 10 10 10 
10 10 10 10 10 10 10 10 10 15 15 15 15 15 15 15 15 15 15 15 10 10 10 10 10 10 10 10 10 10 10 10 
10 10 10 10 10 10 10 10 10 10 10 10 10 10 10 10 10 10 10 10 10 10 10 10 10 10 10 10 10 10 10 10 
10 10 10 10 10 10 10 10 10 10 10 10 10 10 10 10 10 10 10 10 10 10 10 10 10 10 10 10 10 10 10 10 
10 10 10 10 10 10 10 10 10 10 10 10 10 10 10 10 10 10 10 10 10 10 10 10 10 10 10 10 10 10 10 10 
10 10 10 10 10 10 10 10 10 10 10 10 10 10 10 10 10 10 10 10 10 10 10 10 10 10 10 10 10 10 10 10 
10 10 10 10 10 10 10 10 10 10 10 10 10 10 10 10 10 10 10 10 10 10 10 10 10 10 10 10 10 10 10 10 
10 10 10 10 10 10 10 10 10 10 10 10 10 10 10 10 10 10 10 10 10 10 10 10 10 10 10 10 10 10 10 10 
10 10 10 10 10 10 10 10 10 10 10 10 10 10 10 10 10 10 10 10 10 10 10 10 10 10 10 10 10 10 10 10
 