185 203 205 183 184 184 184 184 184 184 184 184 184 184 184 185 204 204 183 184 184 184 184 184 184 184 184 184 184 184 184 197 187 187 196
185 203 205 183 184 184 184 184 184 184 184 184 184 184 184 185 204 204 183 184 184 184 184 184 184 184 184 184 184 184 184 185 190 192 183
185 203 205 183 184 184 184 184 184 184 184 184 184 184 184 185 204 204 183 184 184 184 184 184 184 184 184 184 184 184 184 185 200 202 183
185 203 205 183 184 184 197 187 187 187 187 187 187 187 187 188 204 204 186 187 187 187 187 187 187 187 187 196 184 184 184 185 203 205 183
185 203 205 183 184 184 185 190 191 191 191 191 192 192 191 191 204 204 191 191 190 191 191 191 191 191 192 183 184 184 184 185 203 205 183
185 203 205 183 184 184 185 200 201 201 201 201 201 201 201 201 204 204 201 201 201 201 201 201 201 201 202 183 184 184 184 185 203 205 183
185 203 205 183 184 184 185 203 204 180 181 181 181 181 182 204 204 204 204 180 181 181 181 181 182 204 204 183 184 184 184 185 203 205 183
185 203 205 183 184 184 185 203 205 186 187 187 187 187 188 203 204 204 205 186 187 187 187 187 188 203 204 183 184 184 184 185 203 205 183
185 203 205 183 184 184 185 203 205 190 192 191 191 190 192 203 204 204 205 190 192 191 191 190 192 203 204 183 184 184 184 185 203 205 183
185 203 205 183 184 184 185 203 204 201 201 201 201 201 201 204 204 204 204 201 201 201 201 201 201 204 204 183 184 184 184 185 203 205 183
185 203 205 183 184 184 185 203 204 204 204 204 204 204 204 204 204 204 204 204 204 204 204 204 204 204 204 183 184 184 184 185 203 205 183
185 203 205 183 184 184 185 203 204 180 181 181 181 181 182 204 204 204 204 180 181 181 181 181 182 204 204 183 184 184 184 185 203 205 183
185 203 205 183 184 184 185 203 205 183 184 184 184 184 185 203 204 204 205 183 184 184 184 184 185 203 204 183 184 184 184 185 203 205 183
185 203 205 183 184 184 185 203 205 183 184 184 184 184 185 203 204 204 205 183 184 184 184 184 185 203 204 183 184 184 184 185 203 205 183
185 203 205 183 184 184 185 203 205 183 184 184 184 184 185 203 204 204 205 183 184 184 184 184 185 203 204 183 184 184 184 185 203 205 183
185 203 205 183 184 184 185 203 205 183 184 184 184 184 185 203 204 204 205 183 184 184 184 184 185 203 204 183 184 184 184 185 203 205 183
185 203 205 183 184 184 185 203 205 183 184 184 184 184 185 203 204 204 205 183 184 184 184 184 185 203 204 183 184 184 184 185 203 205 183
185 203 205 183 184 184 185 203 205 186 187 187 187 187 188 203 204 204 205 186 187 187 187 187 188 203 204 183 184 184 184 185 203 205 183
185 203 205 183 184 184 185 203 205 190 191 191 191 191 192 203 204 204 205 190 192 191 191 190 192 203 204 183 184 184 184 185 203 205 183
185 203 205 183 184 184 185 203 204 201 201 201 201 201 201 204 204 204 204 201 201 201 201 201 201 204 204 183 184 184 184 185 203 205 183
185 203 205 183 184 184 185 203 204 204 204 204 204 204 204 204 204 204 204 204 204 204 204 204 204 204 204 183 184 184 184 185 203 205 183
185 203 205 183 184 184 185 203 204 180 181 181 181 181 181 181 181 181 181 181 181 181 181 181 182 204 204 183 184 184 184 185 203 205 183
185 203 205 183 184 184 185 203 205 183 197 187 187 187 187 187 187 187 187 187 187 187 187 196 185 203 204 183 184 184 184 185 203 205 183
185 203 205 183 184 184 185 203 205 183 185 190 191 191 191 191 191 191 191 191 191 191 192 183 185 203 204 183 184 184 184 185 203 205 183
185 203 205 183 184 184 185 203 205 186 188 200 201 201 201 201 201 201 201 201 201 201 202 186 188 203 204 183 184 184 184 185 203 205 183
185 203 205 183 184 184 185 203 205 191 191 203 204 204 204 204 204 204 204 204 204 204 205 191 191 203 204 183 184 184 184 185 203 205 183
185 203 205 183 184 184 185 203 204 201 201 204 204 204 204 204 204 204 204 204 204 204 204 201 201 204 204 183 184 184 184 185 203 205 183
185 203 205 183 184 184 185 203 204 204 204 204 204 204 204 204 204 204 204 204 204 204 204 204 204 204 204 183 184 184 184 185 203 205 183
185 203 205 183 184 184 195 181 181 181 181 181 181 181 181 182 204 204 180 181 181 181 181 181 181 181 181 194 184 184 184 185 203 205 183
185 203 205 183 184 184 184 184 184 184 184 184 184 184 184 185 203 205 183 184 184 184 184 184 184 184 184 184 184 184 184 185 203 205 183
185 203 205 186 187 187 187 187 187 187 187 187 187 187 187 188 203 205 186 187 187 187 187 187 187 187 187 187 187 187 187 188 203 205 183
185 203 205 190 191 191 191 191 191 191 191 191 191 191 191 192 203 205 190 191 191 191 191 191 191 191 191 191 191 191 191 192 203 205 183
185 203 204 201 201 201 201 201 201 201 201 201 201 201 201 201 204 204 201 201 201 201 201 201 201 201 201 201 201 201 201 201 204 205 183
185 203 204 204 204 204 204 204 204 204 204 204 204 204 204 204 204 204 204 204 204 204 204 204 204 204 204 204 204 204 204 204 204 205 183
195 181 181 181 181 181 181 181 181 181 181 181 181 181 181 181 181 181 181 181 181 181 181 181 181 181 181 181 181 181 181 181 181 181 194
