184 184 184 184 184 184 184 184 184 184 197 187 187 187 187 187 187 187 187 187 187 187 187 196 184 184 184 184 184 184 184 184 184 184 184
184 184 184 184 184 184 184 184 184 197 188 190 191 191 191 191 191 191 191 191 191 191 193 186 187 196 184 184 184 184 184 184 184 184 184
184 184 184 184 184 184 184 184 197 188 190 200 201 201 201 201 201 201 201 201 201 201 202 190 193 186 196 184 184 184 184 184 184 184 184
184 184 184 184 184 184 184 184 185 190 200 204 204 204 204 204 204 204 204 204 204 204 204 204 202 193 186 196 184 184 184 184 184 184 184
184 184 184 184 184 184 184 184 185 200 204 204 204 204 204 204 204 204 204 204 204 204 204 204 204 202 193 183 184 184 184 184 184 184 184
184 184 184 184 184 184 184 197 188 203 204 204 204 204 204 180 181 181 181 181 181 181 181 181 181 181 181 194 184 184 184 184 184 184 184
184 184 184 184 184 184 184 185 190 203 204 204 204 204 205 186 187 187 187 187 187 187 187 187 187 187 187 187 187 187 187 187 187 187 187
184 184 184 184 184 184 184 185 200 204 204 204 204 204 205 190 191 191 191 191 191 191 191 191 191 191 191 191 191 191 191 191 191 192 193
184 184 184 184 197 187 187 188 203 204 204 204 204 204 204 201 201 201 201 201 201 201 201 201 201 201 201 201 201 201 201 201 201 201 201
184 184 184 197 188 190 191 191 203 204 204 204 204 204 204 204 204 204 204 204 204 204 204 204 204 204 204 204 204 204 204 204 204 204 204
184 184 184 185 190 200 201 201 204 204 204 204 204 204 204 180 181 181 181 181 181 181 181 181 181 181 181 181 181 181 181 181 181 181 181
184 184 184 185 200 204 204 204 204 204 204 204 204 204 205 186 187 187 187 187 187 187 187 187 187 187 187 187 187 196 184 184 184 184 184
184 184 184 185 203 204 204 180 182 204 204 204 204 204 205 190 192 192 191 191 191 191 192 192 192 191 192 192 193 183 184 184 184 184 184
184 184 184 185 203 204 205 183 185 203 204 204 204 204 204 201 201 201 201 201 201 201 201 201 201 201 201 201 202 183 184 184 184 184 184
184 184 184 185 203 204 205 183 185 203 204 204 204 204 204 204 204 204 204 204 204 204 204 204 204 204 204 204 205 183 184 184 184 184 184
184 184 184 185 203 204 205 183 185 203 204 204 204 204 204 204 204 204 204 204 204 204 204 204 204 204 204 204 205 183 184 184 184 184 184
184 184 184 185 203 204 205 183 185 203 204 204 204 204 204 204 204 204 204 204 204 204 204 204 204 204 204 204 205 183 184 184 184 184 184
184 184 184 185 203 204 205 183 185 203 204 204 204 204 204 204 204 204 204 204 204 204 204 204 204 204 204 204 205 183 184 184 184 184 184
184 184 184 185 203 204 205 183 185 203 204 204 204 204 204 204 204 204 204 204 204 204 204 204 204 204 204 204 205 183 184 184 184 184 184
184 184 184 185 203 204 205 183 185 203 204 204 204 204 204 204 204 204 204 204 204 204 204 204 204 204 204 204 205 183 184 184 184 184 184
184 184 184 185 203 204 205 183 185 203 204 204 204 204 204 204 204 204 204 204 204 204 204 204 204 204 204 204 205 183 184 184 184 184 184
184 184 184 185 203 204 205 183 185 203 204 204 204 204 204 204 204 204 204 204 204 204 204 204 204 204 204 204 205 183 184 184 184 184 184
184 184 184 195 182 204 205 183 185 203 204 204 204 204 204 204 204 204 204 204 204 204 204 204 204 204 204 204 205 183 184 184 184 184 184
184 184 184 184 195 181 181 182 188 203 204 204 204 204 204 204 204 204 204 204 204 204 204 204 204 204 204 204 205 183 184 184 184 184 184
184 184 184 184 184 184 184 185 190 204 204 204 204 204 204 204 204 204 204 204 204 204 204 204 204 204 204 204 205 183 184 184 184 184 184
184 184 184 184 184 184 184 185 200 204 204 204 204 204 205 180 182 204 204 204 180 182 204 204 204 204 204 204 205 183 184 184 184 184 184
184 184 184 184 184 184 184 185 203 204 204 204 204 204 205 183 185 204 204 204 183 185 203 204 204 204 204 204 205 183 184 184 184 184 184
184 184 184 184 184 184 184 185 203 204 204 204 204 204 205 183 185 204 204 204 183 185 203 204 204 204 204 204 205 183 184 184 184 184 184
184 184 184 184 184 184 184 195 182 203 204 204 204 205 180 194 185 204 204 204 183 195 182 203 204 204 204 205 180 194 184 184 184 184 184
184 184 184 184 184 184 184 184 195 181 181 181 181 181 194 184 185 204 204 204 183 184 195 181 181 181 181 181 194 184 184 184 184 184 184
184 184 184 184 184 184 184 184 184 184 184 184 184 184 184 184 185 204 204 204 183 184 184 184 184 184 184 184 184 184 184 184 184 184 184
184 184 184 184 184 184 184 184 184 184 184 184 184 184 184 184 185 204 204 204 183 184 184 184 184 184 184 184 184 184 184 184 184 184 184
184 184 184 184 184 184 184 184 184 184 184 184 184 184 184 184 185 204 204 204 183 184 184 184 184 184 184 184 184 184 184 184 184 184 184
184 184 184 184 184 184 184 184 184 184 184 184 184 184 184 184 185 204 204 204 183 184 184 184 184 184 184 184 184 184 184 184 184 184 184
184 184 184 184 184 184 184 184 184 184 184 184 184 184 184 184 185 204 204 204 183 184 184 184 184 184 184 184 184 184 184 184 184 184 184
